1824
296
296
296
9144
4784
15472
13112
10024
18000
8744
4960
17928
4520
3520
7896
1808
680
6752
6488
11368
15440
17888
16872
62152
4024
3168
10064
1920
1248
7168
784
448
8192
296
296
2592
344
344
6872
3384
6360
10696
2120
2976
11512
4920
2648
70368
1576
2912
8480
5344
4488
13552
4376
4192
12728
5016
3816
29088
2304
2480
8976
2544
2376
7456
2680
3040
8848
6288
3992
94752
3264
3544
10152
3432
3168
9296
1912
1344
6704
2032
3616
9168
1104
992
5312
648
584
4224
712
680
9464
304
296
102992
440
456
9128
4040
3920
9472
2576
28040
85984
70792
17816
1832
296
296
304
296
296
304
296
296
304
296
296
1920
296
408
199464
296
296
1968
296
296
464
296
296
888
296
296
544
296
296
352
296
296
304
296
296
204128
296
296
464
712
712
59272
1048
944
69792
35712
36544
128240
113376
304
146656
4808
4928
28208
8624
8728
32280
7272
4352
171280
1880
696
12280
1240
1160
6888
296
296
720
296
296
1136
296
296
2144
296
296
704
296
296
536
296
296
171512
296
296
584
296
296
312
296
296
304
296
296
304
296
296
304
296
296
304
296
296
6264
296
296
171712
312
1904
40440
624
624
42328
1048
856
38024
18168
18024
72320
73656
344
124344
7928
8160
42536
616
28208
94848
13840
320
157408
11240
720
45552
8528
8176
33928
944
600
14848
296
296
1840
560
616
23200
3464
968
26384
14368
14048
41584
20056
296
161728
9080
8856
37872
544
640
27296
16280
16352
70592
616
560
25264
12280
13544
67160
1024
728
33232
14312
14232
53408
21032
13840
159384
6640
792
30096
696
648
16600
296
296
1248
296
296
728
296
496
10432
296
296
920
296
296
320
296
296
160576
296
296
880
18064
18104
68872
1128
1104
53864
29072
87704
117536
10888
464
83080
15064
15224
48592
34720
15832
83240
22872
19000
141960
1696
552
66968
4960
4632
27952
296
296
1712
344
344
1968
1072
1632
13360
7968
8536
28512
12880
12616
36256
20680
14664
153432
12560
12472
41968
11648
11256
43624
12608
12480
45432
13344
13496
45824
13672
13912
39176
352
352
5000
304
304
2128
304
296
153760
296
296
1704
296
296
1600
296
464
12936
296
296
1480
304
1176
44168
304
296
848
296
296
360
296
296
154104
552
552
52936
824
824
46432
24904
24792
94440
86808
51608
105768
5488
5384
32280
552
7624
75576
1600
568
25912
1504
296
140088
712
720
3544
296
296
2032
4080
4176
14312
696
6744
24512
17048
904
76144
1952
2008
6800
304
304
2120
296
296
191144
296
1328
49784
304
296
896
296
296
432
296
296
448
296
296
384
296
296
464
296
296
352
296
296
191544
296
288
8864
296
296
984
296
296
368
296
296
312
296
296
312
296
296
528
296
296
312
42728
296
193312
29040
29304
95992
648
42552
194008
67224
22392
119176
3344
6736
63552
29528
23640
146976
13208
16160
63512
8968
7920
48352
8448
6640
178688
848
744
12520
296
312
4184
296
296
2528
296
296
2920
296
296
3064
296
296
832
296
296
304
296
296
180480
296
296
832
296
296
312
296
296
384
296
296
304
72768
59816
135056
39680
41264
83536
20304
17032
61280
24544
17600
72560
12936
11176
43128
5640
1656
21744
2288
1328
5872
544
624
4240
824
480
3512
1032
920
3408
1280
912
3528
1832
1232
66232
848
688
3408
1488
1336
4920
1136
1304
4488
2672
3192
11600
6536
17648
25880
23240
38752
52656
25320
10344
30648
15304
17664
82576
40320
34152
46360
25552
24536
34264
14888
12472
16592
8992
11448
26944
21376
16016
22848
1184
1432
4704
1552
1272
3696
1712
1456
65624
1488
992
5272
1304
1744
3616
1608
872
4424
592
7232
51640
6288
5088
12616
6840
25800
53336
32416
21232
60816
61328
60848
105296
48296
68536
96864
48088
40440
95192
37776
33952
80664
19056
46344
97680
34248
26848
82752
18480
19872
57960
21328
43952
77624
67776
62448
181440
31072
23072
119776
19072
22656
66768
18616
19784
64592
15224
15312
59368
2872
1152
24744
1080
6760
21480
864
11696
48792
37144
33104
166864
26336
25520
81544
19112
21008
68416
25000
20360
69056
25912
20592
67608
20888
17024
69480
10568
15760
54360
16960
14136
47920
15936
16680
157992
19120
12808
50984
13592
22208
51800
17464
13288
46072
14648
17560
46408
33968
22416
88552
22088
19976
57392
16984
13016
43848
23568
14176
172840
11320
6632
47184
3616
4352
17464
5792
5936
165360
296
296
2536
296
296
408
1272
448
6920
4808
5592
21792
8744
6944
164056
5864
4752
21776
5104
4240
19616
3368
3288
10904
464
1464
9904
296
296
1424
296
296
744
296
296
2600
296
296
165768
296
11320
130840
21584
22104
61232
18776
16024
56248
16024
15928
43320
14864
19392
59296
26656
24728
65808
12120
13840
48912
19432
15792
127624
10912
12304
44264
7536
6896
38072
2240
1960
21720
600
440
4928
296
320
76888
10320
10144
28408
10056
9576
26192
12216
8936
69856
8296
8744
24808
7160
6984
23120
5672
6224
20584
3232
3856
19568
840
1624
13464
304
296
1224
296
296
608
296
296
69576
296
296
127280
784
728
34232
9080
9416
42512
896
648
26064
14760
14960
43280
808
664
34688
14920
14328
41952
18384
304
129064
9272
9192
36440
784
744
33448
26920
26816
63000
760
744
52336
37952
38424
79432
904
832
82952
18992
18840
57360
16776
296
135952
14144
13808
42008
1312
936
29992
12224
12600
38792
1056
920
30208
14528
14472
69128
520
7904
25464
32736
23368
51336
27872
27824
120024
29848
28584
72064
22880
18288
59808
12064
12000
41032
10512
11040
36512
7840
5016
32512
3880
18480
46352
33976
43040
92840
24968
17416
86672
5128
5432
26800
9280
51960
110712
28632
23024
76024
16232
13800
53912
10824
13768
114840
9376
11848
41448
19656
33128
73712
40320
20336
126720
38328
27680
101824
96848
82312
147920
66576
119080
43272
18784
27128
43736
59288
62424
96888
86016
49688
93112
25240
22272
78048
36088
28688
116184
22872
25144
60344
23640
22152
51672
19968
21824
58352
13512
10192
33544
5568
5824
13112
3856
11288
36880
12632
21776
72288
26392
25480
96952
10792
10376
33960
11600
14528
36712
632
7960
17280
928
960
5000
800
832
3544
392
392
3200
296
296
217248
48112
35584
214376
26888
22560
74960
20992
17400
70464
12296
10400
56608
12008
9136
51640
9232
12200
58008
28248
25232
69224
17488
18584
67136
55064
48240
211064
35032
35080
104376
34776
30368
90968
29968
29408
86432
23432
22864
74224
22856
21784
69424
19176
19976
71744
22176
16200
67104
15448
6560
205064
2848
840
24120
312
312
5000
296
296
99968
296
296
1376
296
296
336
288
288
560
1288
1280
7072
2928
296
109632
5560
5520
13960
504
464
11920
8752
8656
24376
496
488
21496
11608
11592
23512
480
440
17920
14776
14832
30272
22048
7168
141992
14264
13840
27328
5712
5400
17296
2312
2232
10920
304
304
1576
1288
30696
87768
50952
75704
153584
111952
99200
184832
139512
49248
281752
33832
37464
105448
16032
14944
55392
10840
9464
43488
6408
5088
42000
6520
4992
20112
2872
2584
21200
1216
1360
11944
7840
5976
279512
6328
4216
24408
2960
3152
17248
1120
1520
236888
8656
14104
56424
25256
27280
86456
34104
30880
98552
26496
25464
89032
25488
392
230168
40856
40912
93896
1280
40824
102176
26976
26544
77712
12632
33344
96720
34784
30384
105344
18112
9984
72032
37800
30496
98536
36664
22992
225376
28016
37440
99256
30544
32336
95480
25584
31424
91320
23800
26088
88272
27824
26528
93024
12624
13136
55472
37072
37560
134800
70136
24528
226136
34336
32848
110032
24704
23576
88720
17472
15624
73472
8880
9600
56624
6976
7320
172912
296
296
2440
296
296
312
296
296
175272
2984
3168
20576
552
30520
260360
6368
3832
104584
3496
992
65352
11016
4928
69632
760
512
27496
7728
7808
33072
296
296
305768
296
384
11368
296
288
2632
304
304
81480
296
296
1176
296
296
368
296
296
568
296
296
400
296
296
308344
296
296
1120
296
296
336
296
296
400
296
296
304
296
296
304
296
296
304
296
296
320
296
296
307984
296
296
752
296
296
312
296
296
4688
296
296
2216
296
11312
53680
64616
81656
140928
123528
84272
147952
53624
11456
134432
27920
36264
102168
29504
25792
68216
19928
23288
64816
26568
20592
59176
1424
752
34360
14832
19864
57104
30888
26384
56224
27536
15216
119184
13992
18168
53232
20600
31056
53792
20512
17312
51816
296
296
2720
14064
18176
52008
27080
15544
48976
12784
632
40136
64176
46896
120704
60672
37792
107720
16896
12368
58880
10840
10240
37664
1560
1304
20960
864
888
28968
13472
15344
42016
14184
9912
38160
13112
6328
115248
29792
54784
120104
34136
30656
87280
14208
15760
50872
12240
12864
43432
8504
696
34552
296
304
143528
6864
4928
19992
9448
6416
144080
5792
5432
17064
5448
4664
14288
5352
6712
14768
4976
6264
15608
6376
4664
14344
3904
4216
13856
3968
3696
10832
3072
3056
141320
2416
1624
9584
4160
4392
16272
7144
5352
19208
5176
5072
14224
4424
5192
14480
5136
4776
16264
6088
4112
13048
7104
4840
144600
3008
1232
11888
1592
1584
23560
1416
3144
10824
6584
7496
15584
8048
7272
19568
6480
6296
16352
448
440
12416
130120
129800
70360
320
320
1032
312
312
912
352
360
2512
1344
1312
6016
416
376
3792
1896
1864
5784
408
416
6568
3184
3264
79616
416
448
11648
6928
6912
19304
600
520
10328
5952
5720
19448
640
544
14976
3432
3432
43528
416
528
12760
2984
2792
57552
528
600
18752
29736
21024
63624
792
768
67720
37616
37920
87384
744
832
63568
28960
28904
54064
1480
1368
40328
1624
1624
113552
1424
1256
32016
18648
18784
42968
1512
760
34824
3464
3328
40560
528
464
5808
1712
1696
6600
672
632
6280
47168
48792
111760
912
520
74096
15456
15392
54776
544
568
27712
15472
15384
23792
608
536
22720
40936
41360
127296
1392
952
97904
25000
24744
156360
1888
1632
30432
10536
11224
40352
2200
1808
56320
99160
99680
85056
1256
1368
50960
14760
14752
49560
600
648
53872
32568
33016
96584
856
1176
22248
19224
18936
44416
1040
1392
39752
19560
19640
45344
600
632
52928
36984
36056
101272
808
592
65056
7648
7272
155960
1224
1080
16560
3944
3864
14496
808
528
76352
26168
26728
84152
1288
960
36216
4584
4440
13912
600
544
11344
64968
64864
159712
552
688
113504
36696
36896
71376
1080
1072
45512
704
752
9848
1112
1048
26184
9768
10296
39952
616
672
83608
20504
19584
155240
1352
944
34632
16560
15992
71384
1000
752
16120
296
296
1216
296
296
536
4080
4080
15080
728
648
10736
50528
50800
159576
688
736
87048
17232
16856
63400
1616
816
30680
13112
13136
25816
1280
1184
27416
35136
35240
95760
776
736
142800
47968
48072
182864
760
688
106896
34568
34032
96312
768
848
45048
920
784
31496
1048
864
44592
34456
35432
64664
672
536
55720
12584
12904
100080
1208
1176
19904
27520
27328
52368
1080
1152
24208
23920
24128
78800
568
600
49432
36376
36856
109984
680
720
99432
27400
27352
137760
872
616
53360
10904
11008
40272
832
768
15432
296
304
4272
296
296
2728
296
296
2456
296
296
1280
296
296
144448
296
296
3064
18416
18768
60968
968
856
37640
27024
27336
89152
6080
17808
114488
52152
48160
214568
39352
18000
239688
472
360
244096
312
312
2840
17224
17688
101720
1072
768
114440
52432
53152
161992
1272
744
84768
15368
14880
85248
584
824
45960
28536
28040
262312
608
536
88872
27320
27016
100816
1408
768
50000
11800
11472
82584
744
872
47432
23640
24032
163672
864
768
99144
37664
37624
285232
1808
1016
94864
58584
58056
149208
1824
1064
217464
178728
180080
191424
1304
760
95432
8352
8456
6264
296
296
1120
296
296
31672
296
296
584
296
296
912
296
296
448
296
296
608
296
296
648
296
296
440
296
296
304
296
296
31112
296
328
158600
16568
16512
52136
880
848
57024
28944
28944
78592
952
888
64872
33456
33440
84992
1088
960
57096
45344
44976
162384
864
984
78056
21408
21808
68408
808
704
108088
100920
101480
170160
720
816
103520
37472
37760
63008
848
808
65000
296
296
60424
408
408
19688
560
632
74016
7888
13720
77576
6632
3744
35440
2648
8232
32648
368
352
5952
296
296
1032
10744
10936
124856
720
608
24584
11248
11368
54160
912
824
59072
5400
5472
24112
296
296
1888
11864
11824
89136
640
856
42608
62552
64856
117280
1384
720
35464
29192
28888
66128
816
952
65968
6720
6896
30848
1480
1032
36336
142360
142832
212240
1360
1576
167448
88152
88048
219016
1416
1576
148192
121032
119960
149984
1856
1360
89288
45848
46664
140064
912
1328
175008
92856
93688
141552
1480
912
125328
88184
88040
184320
936
1488
105592
408
304
90096
296
296
672
296
296
304
10504
10528
23688
512
560
35288
10688
10608
25072
10888
368
118472
16248
16544
38792
608
512
30280
21440
21320
29656
34304
34440
142224
976
1024
48592
65008
65496
122256
952
1000
93480
87568
86280
141128
1056
1200
100888
29720
29040
61752
1096
5664
94152
75112
75048
133960
1344
33808
106880
32648
18352
136328
87680
84784
159600
103960
19616
197336
61800
59072
115736
7880
2560
75208
11728
11768
36424
1264
1280
54800
9608
9144
64088
39576
39512
104488
5704
6648
104440
81536
80912
155680
13592
9728
74024
56968
56784
71888
3672
664
72832
28984
29008
54304
960
35896
76360
55176
24368
72096
22112
40912
74568
56928
59488
124912
13080
9384
39840
22208
12872
51264
11720
11648
40232
888
824
25560
680
680
35504
47552
45224
67728
31944
35160
79088
74016
49144
110120
61760
51408
55640
22864
13096
12824
2504
1448
1024
25576
25664
121656
1056
792
37736
20416
20280
41384
904
1056
32480
22832
22512
122864
1096
736
33888
18816
18888
42504
992
976
36272
17008
17232
40960
1504
376
47568
73856
70208
110048
1064
624
101864
46096
45384
143632
1048
896
53648
304
49736
163520
56688
60584
118608
53368
53096
110952
43368
45600
100512
47816
46480
94672
38696
38376
83928
68144
53872
183424
60504
51416
103864
46840
48608
108560
63296
61192
105696
35960
480
105664
296
296
872
296
296
336
1008
1000
49152
63072
15000
114888
23992
22912
59160
8672
10408
38912
39392
37600
66272
31312
31456
74416
38440
50296
79088
46848
38352
76024
47664
44648
72184
53904
50280
122424
58416
70792
126480
86040
76240
119200
74952
55840
129840
80264
48400
115896
55608
29400
104016
50368
46392
86560
36640
27312
53776
37168
23696
92728
34296
28584
60272
17280
17832
64768
42576
45640
79392
49560
34248
74712
36024
34480
79128
32720
35400
84496
42808
36392
40352
17536
15888
55512
9504
8056
12600
296
304
5912
296
296
1176
296
296
2896
296
296
1456
424
328
36184
296
296
680
296
296
36424
1320
12744
34600
32416
55848
84184
41304
40840
100176
792
704
100440
28496
32096
91856
896
528
60632
42568
41528
98064
14272
11232
121896
15128
15408
31856
11928
13104
31624
18672
20032
42376
14704
14088
31728
15512
16888
29632
19272
17152
35120
16208
16928
39848
21440
17016
119088
13800
14672
38832
20320
37184
65896
28128
28856
62928
45384
51568
110952
72520
72248
166696
75088
37952
127856
24184
76064
115056
44712
32584
136088
26696
26272
72384
19272
18280
61960
26176
43504
93384
35272
35168
78416
36176
39352
99056
24432
8488
68088
13312
32320
83376
82248
71216
125288
58936
53464
125704
44528
32328
107576
24600
30640
95960
27088
23432
76448
23216
35824
83600
69112
42840
96544
24600
18768
57856
27928
20544
124488
312
568
24248
296
296
592
296
296
304
384
1672
18544
27592
11304
34952
6976
8384
26632
8880
4776
14184
4752
3192
50864
2128
1040
5128
1608
1720
4480
1472
2040
4392
1480
1032
3744
296
296
584
296
304
100544
10576
10456
30808
11320
296
100688
9328
9656
30560
656
576
23424
10936
11080
28576
736
624
21808
15296
15496
51960
680
4320
63704
11424
17584
69624
89624
57680
161296
65616
67688
87840
25432
23984
68408
17696
14120
55416
4144
696
24968
54464
53608
75632
20400
31696
54664
22928
16096
27208
10608
8448
81960
32872
20104
68560
11760
5952
51744
5304
6872
19976
12080
15624
39640
16040
12352
43040
8272
8416
30032
5112
3520
24232
368
296
114744
296
296
3648
296
304
60728
296
296
888
296
296
304
296
296
304
464
5104
24512
24056
41928
76920
70024
29040
125512
38616
33656
75960
27096
54744
57592
26392
11112
6744
296
296
584
296
296
464
296
464
13664
296
296
608
296
296
59792
416
416
5960
25520
17672
69072
71240
34720
86880
39208
60376
85376
29968
62792
79584
34064
32760
19464
504
496
3192
296
296
60536
296
296
744
296
296
624
8392
7400
102184
2712
592
14464
336
328
1304
2480
7320
17512
7584
7088
19912
10320
664
101272
432
384
1512
1856
376
4208
360
1736
3992
5072
10832
19016
17248
20104
40048
20960
19232
59568
21600
20160
52976
24088
8984
134608
3360
520
20000
296
296
1088
26464
25760
186744
21672
22856
64304
27184
29464
70080
15760
1040
57152
22296
24112
65008
40240
28400
194272
31296
28648
81824
24792
24416
74592
24944
44144
97416
48536
52616
114624
51936
37152
95848
3832
55488
130872
58840
49472
118096
54664
37280
198424
31488
20064
86192
16664
10952
45440
592
520
15296
304
304
5976
296
304
9096
288
288
4528
304
304
139944
40248
40504
140960
42368
41224
76016
16104
7128
58360
7216
15056
40704
46960
49896
96368
49384
34496
88256
29352
19880
64472
12432
10576
190128
63200
42208
185784
29752
28104
90640
904
768
48528
46520
42520
163656
58656
83544
145448
85336
73496
150704
60960
40184
118384
35824
35672
85872
5296
2520
171632
20688
22968
70944
22920
25872
77272
23592
17080
88632
14944
688
42792
560
28480
73280
47384
55640
111808
30784
26704
81272
51320
47304
141088
11776
11608
89080
30832
19848
54560
19744
1064
34264
49632
39880
52456
24160
29176
70776
24888
17152
55048
56448
38192
151032
67128
49472
162912
37408
47680
106360
38640
34400
88888
25600
21512
56984
24000
10528
79568
34568
37560
83144
42096
51392
101056
55192
49440
97104
79448
61232
169368
27680
40088
124392
25352
23088
25392
28616
24640
54488
10600
21624
22872
6920
6080
21312
9456
14568
15752
5144
8560
20848
12408
13688
71264
4392
6728
19968
5384
6608
14392
448
304
104776
