1824
296
296
296
296
296
296
296
296
304
296
304
3216
1952
320
21352
2608
856
48048
4368
3152
73376
43336
22184
111776
7664
8536
108208
8416
11584
122840
12440
12872
113552
11560
13456
86848
13856
13920
89064
13760
14032
85544
12320
13848
85704
22360
15640
212744
13320
15248
76504
13968
15024
84016
15488
15896
86640
17152
17696
129968
17280
18000
71392
16472
18064
76808
17968
17200
80520
28064
19648
249840
14832
15896
69784
15616
14784
78184
14040
15160
75608
13096
14816
76304
14240
15240
80704
13560
13864
78704
15632
13968
82760
25792
16144
254800
12272
12112
71936
11640
11560
73784
8992
9080
69088
7584
7464
68928
6712
6592
65528
6384
7568
69744
7352
8024
76760
29064
18336
280392
7016
7944
72184
7824
9320
89808
10104
9720
99576
9392
12208
108448
11288
12688
110664
10664
12896
118520
10720
12536
111296
34744
15880
283048
3176
5416
106256
2616
3192
99784
2472
3168
109320
1456
2216
94664
3672
3632
99888
2464
2856
116472
4128
5128
104432
17768
10800
264216
15584
15520
110832
7976
7088
97088
4888
5008
104264
1600
3840
137072
5360
6616
87376
2552
3352
92768
3664
4840
103528
26512
9344
320016
5200
6480
114824
6312
7640
130064
7832
9216
142984
8680
13736
159704
18376
20216
168368
14264
16808
158624
23768
28040
176328
72200
42200
409560
29336
33912
183264
31792
55088
199384
35832
44264
227824
30968
30480
219712
19024
19920
177752
13032
12184
164424
5616
12104
100624
42728
15528
22776
600
576
992
304
296
296
312
336
1480
296
296
1288
296
296
1544
408
320
1632
296
296
1552
344
296
3456
608
296
3528
400
336
4008
296
304
3952
320
336
4040
304
296
3584
296
296
3760
304
288
3792
368
296
6024
296
296
3912
296
296
4360
296
32272
4024
3960
11816
36504
5120
600
8040
352
760
7192
512
592
7464
1632
1032
9752
1048
1088
9192
1024
1264
9984
1104
1392
10440
2136
3848
60192
7088
16880
43416
20424
2824
14256
1920
2008
13352
4040
2240
17120
2024
1872
11464
1888
1936
12936
1800
1800
12720
2064
1920
15160
2400
2160
15136
2912
2736
14160
2664
2704
16136
7688
4008
19696
3048
3072
15552
3176
3024
16512
3344
3288
15960
3600
3640
16160
3952
4280
17848
4424
4416
17960
5688
4864
17536
6096
2216
19488
5656
5192
17952
5336
5344
17648
6528
6256
17992
5960
6816
18088
6840
7120
17944
7376
7848
17472
8240
8240
17168
4144
239760
20424
102472
145912
253400
13816
6192
22328
8472
7656
22448
6504
8984
23056
10080
9952
23032
8256
8952
23024
5520
9208
22032
14392
7600
22488
9240
8936
14672
10040
9208
15600
8656
8184
19024
6840
7328
18248
6192
7808
19968
5344
6360
23592
6080
5448
24136
10088
5192
33376
7056
5808
22112
5480
5160
28304
4264
5456
28016
5248
5456
31144
4816
4616
29680
5344
4880
32920
5656
5744
39424
15160
6648
72824
7720
7552
43760
8824
9056
49936
9672
9840
53744
10552
10368
53168
9216
9376
45000
9824
8568
41384
8144
10376
41168
12832
7816
94160
6904
7512
38896
13232
7816
41848
7456
7392
43432
8208
8440
43128
8424
8872
43488
8920
12944
44264
13408
9528
44216
17408
12976
99296
12712
11280
45344
7200
8480
36976
8768
7960
34680
8232
8688
37176
12808
10672
37912
10872
8256
37528
9208
9552
38008
13888
13416
102568
10328
9928
36896
11616
10376
42536
11744
10048
40808
9080
8144
36272
8984
9456
37472
9176
9400
37400
10896
10880
40488
17952
13720
101664
12104
11680
40608
12824
13024
45688
14016
14232
57064
16480
16400
70784
18336
21472
71568
19648
23552
80912
20112
23096
70088
33128
22464
91888
24224
27248
59496
23928
22728
53736
27096
26480
50680
22560
22896
48920
20816
18392
47328
16368
13760
46168
18320
17800
60632
35552
25288
90064
23200
24792
60112
19616
20424
60032
17816
16400
53376
12464
13488
43664
10104
11288
35800
8224
8216
30352
6448
7504
36424
22672
20816
90744
19648
21032
46504
16888
17640
46280
17608
17928
47240
17544
18424
51520
14024
8856
41400
7376
7520
27640
5128
4584
22624
93736
20928
60376
13776
10752
43560
7016
4728
25536
4392
5088
22944
5280
5424
25704
4592
4744
21176
5224
5032
29200
4944
3384
27224
8088
5496
75832
4672
5728
23008
5736
5832
25672
8848
8072
32976
9712
8744
36704
9544
10072
34296
11256
11704
38048
12360
12656
37936
19736
13536
71664
11264
9864
36888
11000
8856
38056
9840
10752
38016
8320
4608
106208
4632
4688
18416
4872
4648
20056
4448
4480
20608
8416
5208
108416
4736
4504
18448
4952
4936
20976
5472
5784
22408
4592
4536
18496
4712
4536
20968
5160
4144
21720
3992
3800
21824
10800
5536
108248
1760
1672
19856
2672
2472
20384
3896
4848
26272
10072
12480
39184
17696
18368
40768
20336
18840
51336
15632
12936
53400
13280
7056
127872
4848
5288
27272
6072
9048
35984
17592
23280
47328
24424
24768
45856
21328
21448
40968
22744
21720
39456
18664
18296
39160
30656
22400
71872
19544
18008
47488
16312
14976
49664
20552
13344
74712
13112
12960
46336
13696
13448
45680
17360
18224
51960
15072
12056
47536
28592
17344
69464
17024
17072
49368
21624
25656
56328
25912
24264
59424
20976
10824
56056
9544
9472
44352
11472
10984
46240
13272
14712
52640
30992
24136
74568
18648
21024
56184
20704
26152
62392
25904
23256
46984
17744
18168
35896
16304
14872
37256
6112
4344
26952
4328
4664
24632
11896
6568
38144
4304
4912
23528
4920
4808
23296
4968
4736
23584
5912
5912
28864
7656
7872
31496
11152
15880
57512
38048
39408
94248
78072
61880
140880
90504
74872
137456
79312
67608
126760
68000
61176
140840
68192
89608
163368
110080
109088
190280
129784
111960
213128
126312
105408
198272
123344
83184
175776
59408
56832
137304
47856
45752
116392
43560
65104
74536
50424
48832
68872
41552
26648
66288
25496
23744
63256
30024
23408
48904
22288
12160
51752
9792
9592
42928
10312
9320
42776
8680
7144
39608
7328
7464
36792
5984
5640
32208
4992
4784
31296
4848
5088
26448
7632
5128
65736
5792
5960
24848
5968
5560
25456
5576
4992
24816
21904
27040
54680
49760
44352
71072
24744
23528
53456
12992
10864
36440
12200
9792
79888
8560
8184
32384
8896
8152
39368
9000
8744
42768
8752
9072
43792
9568
9904
44120
9640
13776
39704
17280
12256
53528
18056
7960
83280
7240
6800
38592
7696
6656
37568
5864
6560
33832
5224
5552
31016
4472
4456
19104
3880
3456
18184
3712
2968
18480
4840
3312
81496
3560
2864
18208
3016
3352
13848
3248
2824
12432
3032
2616
12632
72072
53096
116624
48432
43608
94096
43128
39872
91880
64752
37120
98656
40864
37432
80000
39624
33720
75048
38728
37456
85608
37536
38608
77000
38200
37152
72512
29680
30560
68512
24728
27144
68760
42336
19168
71968
21640
21480
69352
24144
22328
73640
22336
13528
59944
20416
14808
48664
15256
14632
49040
18056
20600
53104
22312
22888
54432
34608
25432
83416
29144
25760
42688
26976
26488
46088
29408
34544
65248
36880
39936
70616
36536
38280
74872
32168
26280
74768
40088
26152
73912
44792
35520
106416
28712
38920
79608
35976
37360
80416
38376
35328
75816
39488
34544
65712
45872
52728
71416
53200
54936
70632
50632
56296
92376
71544
60296
90896
41888
34856
57640
31384
30712
58784
40488
42992
62376
41912
43824
39464
39664
35896
37584
24168
19648
34784
16440
15936
28440
21520
304
29432
18760
22440
29680
32544
36336
39224
39360
38160
29312
18032
14312
28080
18592
27576
60520
56656
62000
93528
49968
53784
97648
67248
58840
105880
49104
52560
99560
42592
47240
101256
42872
44064
94288
35904
44152
80864
47616
42960
91080
41312
47920
102648
45216
44640
98384
50496
37664
154016
37344
41928
95080
53016
77656
105848
71328
60376
101872
67984
46544
75752
49920
39056
58168
24704
27032
42592
22352
19288
35488
19696
16392
40904
14304
15376
34848
20440
20008
38256
20888
19664
44488
20992
18864
51472
21016
22096
49304
21040
21472
48968
15792
27336
66512
23488
10568
55952
9416
7984
47696
11040
15568
49840
15936
19592
57056
21624
20552
67408
24928
27928
73152
33416
39944
75552
47304
52904
83560
73720
76264
57488
53664
50384
64832
44088
38072
58200
43768
44928
63048
45864
37088
57696
30632
23064
53568
24968
21544
52096
44416
31432
200768
46488
35248
200016
30504
27360
91744
30856
32264
93256
30032
33784
108920
38080
35352
101312
32232
30696
94160
28952
36328
94776
47880
57416
82272
71328
53184
119680
18544
12120
80224
10728
13080
45960
9016
8824
41280
8872
11624
38576
20448
9800
42784
9208
8976
40456
9808
8600
36848
13784
8136
84720
8008
7432
33056
9304
10776
41384
10856
12576
45312
13816
21184
48144
39256
40208
54128
37232
23432
40712
19024
14896
27416
44352
304
24152
2544
2592
8152
2256
2288
6944
2040
2184
6824
1960
1864
6248
2232
2016
7912
2488
2424
9560
2464
2296
11712
6072
3296
32152
3824
3976
16376
4944
5136
20440
7472
7040
34144
13464
11304
44168
17008
19096
58168
26424
26672
66672
22792
20480
65352
35648
28024
98288
23064
21344
65352
14320
14160
62776
10504
10504
53752
9656
9912
50280
9312
9656
47016
9512
8872
40808
9432
10528
37808
19848
13112
90808
11752
12136
35768
11784
14616
49408
16664
17808
56808
19448
23504
70112
28736
26704
78224
26144
26328
80840
32016
31160
90896
62112
38560
107304
41848
46352
106016
51024
55360
135240
69328
70192
153752
72088
73312
157496
21152
15504
106256
16256
15568
52392
16352
15352
55568
24488
18504
116048
17360
17096
62936
19080
19760
72264
20672
22168
80472
22176
25688
86136
29056
35928
90224
38856
49400
92528
62832
76880
111896
106096
79696
114144
79640
72264
92536
45512
32352
79408
31224
45264
79184
65744
65992
79944
63096
45480
85112
45744
26112
79144
30992
30976
87256
34336
22016
103376
19376
19456
69664
18800
22664
72352
22464
24936
77400
23872
29344
75720
25440
24632
66936
19568
19136
64504
19888
18144
58520
25456
19856
101104
24816
16976
54344
17944
18800
59440
19816
19504
66504
23432
20464
66368
19168
18032
64168
19488
20248
59048
22576
23272
68272
35688
26448
110272
35480
41264
84752
51128
49496
100664
44672
50960
104800
37848
31776
92680
28384
27352
79112
22560
21504
71528
18704
20744
67592
39144
26368
130224
23904
29512
75664
34664
39184
93504
39304
34600
98328
32016
28080
87504
21744
21760
79352
22168
31552
123240
15968
15360
49736
22672
21440
116488
16776
15168
57192
14800
14576
51592
15472
16144
52904
17648
17968
51872
16944
15160
49336
14376
14136
51440
15504
16248
51144
100720
99824
107312
15520
20192
64736
29800
31600
64840
18496
19448
62848
17520
15928
57376
15096
16192
59040
21472
27200
61016
13280
13776
57816
97224
72064
122160
53040
44136
146432
44760
55584
124744
61464
52360
96248
58152
43576
127824
31088
13216
131464
11368
12640
51568
18568
11032
65864
67600
106256
101064
19032
19248
53232
19720
19272
63288
21864
21736
57616
23104
27352
49688
28240
33416
49128
29816
25496
46784
35544
25944
164688
36880
25936
166032
24816
25192
82040
27416
28712
86240
34728
37944
94616
66648
87832
126040
62560
51960
165616
50280
50608
102856
56088
39400
97096
37600
22152
144064
14280
12376
56912
10968
19688
77360
35296
42712
81624
48736
52960
94768
48136
42256
93256
31336
30984
82744
26624
19472
84920
28360
23224
86176
23320
19136
71888
33144
39928
69208
27552
25224
76240
19304
19504
64000
23392
28392
71368
26456
23624
82072
36208
10840
64840
10184
8480
68936
11008
9816
29296
9152
11072
33760
13736
13352
31576
11920
11152
30080
10296
10640
30400
10936
10888
27672
10800
11896
27912
17784
13536
79608
12744
18448
85672
25128
27312
59304
20880
19296
55744
20048
32632
56992
22648
22896
56168
28568
26992
62848
23520
30024
42768
23408
18296
59648
29872
27464
59024
42496
51816
63464
47904
56032
69712
48208
50024
95520
50976
43984
99088
45224
41432
103720
44624
50480
102144
69584
53064
115552
46400
62216
86472
65232
56824
78592
38816
29560
68320
32224
46400
59896
36096
29584
52424
30960
23240
63536
26856
36168
78000
71656
70280
66096
20480
22528
57184
17968
18352
50408
19120
18336
53776
27848
21152
54720
25592
18208
59128
25080
10880
55232
38072
32040
134960
42832
32744
132400
37480
29208
84728
45488
37824
80312
45760
36352
83640
45824
49616
71248
42192
29424
14600
6480
3968
92440
4816
4920
35224
15448
9368
77880
12408
14104
53808
26024
29888
56152
39296
39952
59632
40232
27992
51712
9928
6176
33104
5240
4016
30952
1792
4912
114360
9800
5624
117408
6424
7152
49688
9936
11040
59824
16128
19608
65640
25608
28832
83976
48752
68936
114328
89424
88880
131928
91960
66560
117816
93512
64384
100792
54576
56536
105264
25584
29112
77536
26664
27240
79728
27424
32016
99616
37592
34496
107560
42168
47960
124512
45072
54816
128376
80248
55312
130384
48128
32096
110792
43600
41968
96616
24656
20872
79672
16224
17512
69960
15512
12696
55496
14720
14440
42952
9944
9912
38240
15832
9688
72176
9416
9648
34696
7248
7008
33408
7576
6472
35152
7000
7192
37528
7576
9240
38280
7976
12552
34416
13704
16152
49832
35432
23032
42312
7160
5536
20224
4144
4376
19560
3072
2936
14688
3944
5000
16648
6688
6544
21736
9112
13560
18520
14056
13680
17576
8464
5544
16576
1120
488
4432
296
296
25440
1536
1536
6776
1536
1576
7976
1696
1920
7704
1760
1808
10896
1784
1832
11528
4096
2104
34992
2232
2152
16584
2536
2416
17328
3032
2648
20520
3016
3640
24800
4176
4144
27824
4608
4752
30584
5456
4720
30784
10760
7600
68296
5968
6464
32600
7688
7280
43712
8424
7824
44664
9680
9992
50016
12752
13064
74328
13576
13728
89888
15000
20648
90040
60712
46696
170152
41664
52808
106696
38928
55400
83656
58328
47304
63952
12376
9632
30008
17440
18168
64856
21768
27336
81752
41336
37480
103664
68208
42384
108976
34600
37072
98976
39376
36032
90312
33888
30368
87056
31704
31928
86008
30328
35176
72520
33968
26944
77968
28576
27080
73976
56584
48400
43680
26056
26376
76592
35328
31496
71352
32496
26872
77024
33000
32712
72240
34024
27592
64232
22824
24040
59152
24528
22224
53672
44496
22880
29048
8056
24976
64760
30888
26640
59576
24016
24640
57680
32032
35760
56752
31032
23376
52000
25296
29464
60736
30784
30528
54528
38912
28752
64768
30120
30184
44128
27640
30968
43184
21760
24264
56648
25848
16392
58520
20624
20360
57768
24160
28864
57992
22872
24384
50920
32400
23456
66936
29504
22800
52696
21432
24048
57192
26856
28576
59808
22304
25056
56224
27192
32640
53312
23264
23648
51392
25744
21856
52200
35288
28368
66384
24144
18688
47288
21176
22264
46304
17464
21048
47144
22840
25696
50608
25768
25616
52496
31304
24000
54472
25208
20336
48168
31576
24648
60088
21088
23000
55424
22256
19880
47768
21472
24208
56584
25576
28680
56096
35816
36136
60760
29960
27200
53032
27680
109744
114424
73848
58248
87720
55448
56352
101000
53288
52728
93240
47680
39296
69592
36328
48200
82984
50480
61968
107024
66904
52504
72400
32440
30136
74296
63616
42168
97192
37280
37896
89848
54584
55296
82256
37920
36616
62320
34448
42904
67280
30520
26464
58112
25488
37480
68752
34640
31744
61720
42080
31464
101408
42968
37192
65528
22440
20808
58504
33160
27992
61136
25000
29696
65104
36624
35648
78240
35432
30224
63696
52768
36432
133944
51656
30384
138488
37056
33768
92840
28120
30752
91776
34816
33008
93568
34352
34032
88816
33864
34592
83432
30416
31920
74568
37008
38080
69240
39128
33768
140072
28920
26528
63512
28408
24776
61696
27480
25776
57072
25280
24496
67176
26624
26344
56560
22408
22736
55128
21152
22560
53728
27952
21512
126128
20456
24128
54032
5152
3632
31608
6704
4696
18752
4928
4952
23496
6896
6520
23968
7224
8048
61720
22016
23984
46416
60264
37968
47968
38408
50920
35680
26304
19824
108776
18944
18928
46920
20328
17600
49528
15544
19504
49024
14568
15400
44808
15584
17400
49296
22016
19808
108536
18816
17608
49968
18728
15712
48944
22152
22192
54664
28360
27720
63392
28192
31584
71424
35088
40240
86912
45680
48960
88032
68744
55104
93056
48528
49768
68848
45280
44336
52080
42808
21712
86736
20032
27384
78440
31504
34912
75624
29512
34928
86240
41464
42888
86016
78240
56752
68616
56984
68848
52168
27704
26648
45880
33304
34952
62160
34280
45192
67984
48280
50200
85880
52376
57880
85328
50280
46576
85024
77296
68360
82472
44648
53232
110400
57872
59112
116536
61472
68800
125688
64680
68128
138272
76920
69440
133560
71056
69096
145752
70392
67096
151840
104336
76152
167032
76624
76512
159904
75744
80824
141808
83568
90936
160496
85600
89032
177488
91800
93648
193984
93296
99224
198344
95088
94048
198496
136680
108736
220592
95520
98632
201904
95176
104632
215576
95408
91208
198424
92184
94760
201128
92496
101544
213464
90488
94552
208688
93904
94288
211672
131432
106656
240456
92032
98872
215696
106744
59792
104272
49904
57424
101088
79848
106208
156912
134296
143312
185672
141720
153776
212360
167440
173064
225168
159640
131408
84016
20008
122464
199520
111800
106968
179056
105208
114792
189920
118384
122680
198064
127664
130024
176760
115488
115512
133880
69600
68120
62584
90104
77016
46800
60784
48728
51760
33424
34144
52688
42296
45264
69032
36112
32408
71224
35912
28336
84136
25816
25472
97224
27344
29992
91248
45728
37296
119816
69280
60696
110560
69168
67904
99512
56440
65200
104608
59944
58536
88728
51344
47296
67416
320
46248
75456
62168
59792
68728
68416
59832
71616
61368
55800
73968
57408
51376
59592
45880
43536
59928
50208
40752
64584
40800
43480
68016
38656
38144
75480
33896
32184
72920
32752
29496
95888
33672
36384
84424
40480
39488
89136
48600
47520
101992
51752
66312
113640
67800
69176
118712
69664
75624
126168
70328
72968
122256
81504
76392
142720
73712
75056
120664
67088
69728
113152
62344
58488
89752
45528
41968
79024
40544
35640
71424
29792
25856
62160
22376
21976
55760
25808
18288
107720
17464
18096
46528
17568
19176
43064
17112
15120
44824
17984
19960
38272
14576
13616
35736
7824
8144
26112
8624
12680
180832
7488
4280
177344
3128
4928
64672
8896
5392
74696
5464
3504
87024
1680
2928
68880
1512
1544
47496
1576
2328
44688
1992
3472
40888
4752
2136
177616
3760
2008
59568
1984
2160
56432
1072
5272
148056
4528
3992
23912
3544
3496
26320
3096
3504
29192
3400
3224
29248
6752
4224
145016
3152
3824
25200
3832
3352
27896
3496
3632
28272
3800
3752
28432
3792
3712
27888
4200
4304
29904
3840
4104
28632
7624
4728
147824
4504
3864
26312
4568
4408
27264
4104
4448
27352
4208
4672
26968
4208
4376
30488
4296
4592
29896
4272
4784
37896
7968
5360
152448
4472
4848
27008
4704
4504
29152
4592
4496
30208
4976
4656
30480
5104
4888
32712
4792
4520
30408
4848
5288
33008
9392
5784
154368
4960
5048
31768
5024
4552
34832
4912
4928
34704
5064
5576
37280
5520
5432
35632
41288
25248
91992
27736
29608
83008
54064
31088
98080
21632
19328
77624
17352
17576
72952
15952
15272
72400
17416
18152
68736
22432
26920
68128
27648
26840
70576
29976
26776
72648
41504
26832
96800
26248
30120
70520
28192
27024
70704
22880
18640
67816
13320
11656
62192
12096
12168
62336
1200
680
42464
1648
2128
7440
4128
2512
48064
2168
2688
15360
2872
2480
18832
2520
2320
18224
2360
3152
26784
3560
3472
24872
4920
4896
33352
5496
6776
39920
10648
7512
77704
6088
6096
33680
4944
4608
34624
5216
4712
36840
5832
6296
36488
8688
8984
41728
7552
5936
40880
6432
6000
45520
13840
5696
105928
4976
4488
44504
3488
2224
41400
2624
2464
27984
2800
3288
31184
2104
2808
29424
1472
2264
28280
2240
2152
30184
3504
1384
117144
1840
10696
133360
9496
8680
39936
9224
9808
39824
9272
9656
42272
9496
10400
40200
11104
10368
40888
10624
9888
39456
13688
10544
127672
6832
6568
31512
7456
6704
32104
7536
5672
32616
7480
7752
32904
6984
6048
31856
7736
6512
33544
7496
6888
31976
8936
8440
126400
7568
8152
33056
8976
8192
34960
8336
8328
33616
8272
7944
33904
8992
8336
33384
9224
7632
34392
8240
8656
33824
11376
6168
142032
3800
4040
18888
3368
3392
15880
2944
2928
13496
3096
2848
12768
2888
8616
58920
27288
36336
60632
48360
52520
84680
82856
80424
122688
91584
75520
114608
44616
49352
113472
40032
42248
116696
28728
25088
82456
25984
21448
79072
26048
29328
79104
32800
30056
88216
34808
23408
157504
19120
19512
62344
12784
14360
56256
9344
12160
51128
5016
8232
37976
4552
6736
32880
6768
7760
40216
7024
5896
29160
13040
7776
155456
6640
4640
37328
5408
5288
22744
7072
7520
158048
7256
7608
29408
6976
6936
34032
6984
7240
35736
7032
6888
37776
18752
12920
155736
15400
13776
49064
18312
17560
61048
17408
17568
69360
18304
14392
70512
15704
16104
76752
15440
19896
83440
17568
15408
74304
30832
18464
174864
16576
15752
67528
17376
16568
64960
17384
19280
62320
22632
7368
50864
11472
14008
43248
19912
18024
45096
8608
7232
30408
12040
7376
59520
6256
6696
25880
7792
7040
31096
8536
6992
32384
6728
6120
26048
5888
6552
28344
7128
7288
30880
6696
6560
29608
11224
7208
83792
7400
10384
118816
1880
2112
21072
2504
2344
35392
2552
2344
28120
2072
2856
33760
2128
2560
32480
5080
3920
45736
17144
8608
109520
7504
9040
54824
10840
12168
59456
10912
9952
58672
11016
10504
59976
12088
12968
58088
13256
11872
54784
15048
336
67008
336
296
68512
296
304
832
296
304
832
296
296
1256
296
296
912
296
296
1320
296
296
1064
336
296
1248
688
688
68984
1048
1048
3224
1200
1008
4064
1008
952
3296
936
824
3536
872
856
4072
976
1128
4128
1400
1312
4672
3176
2296
63864
2128
2064
9336
1720
1816
6944
1624
1648
7336
1392
1536
6272
1368
1176
6584
1728
2080
8952
2240
2312
11424
4296
2824
61936
3144
3440
13800
4000
4096
17992
4448
4560
23528
5416
5568
26200
5808
5856
31656
4440
3936
23288
4408
4416
17632
11312
6816
66416
5456
5000
19944
4376
3824
18552
3520
3296
17616
2888
3296
17600
3128
2784
17120
2104
20016
132096
15312
14328
52680
23920
14984
134224
9792
9600
42424
9904
9888
46656
12192
13488
52736
11784
14672
55560
17784
17400
63128
18816
21280
67360
22232
18744
75720
14664
296
148640
12520
11328
52568
10584
10824
53640
13880
14448
61240
14760
16432
68256
17616
17032
72304
12120
11504
52760
13656
13328
60096
21800
12952
147640
12568
4704
64968
4176
4200
16272
2584
3584
12728
3024
5304
17096
6592
5536
21960
2192
1976
11464
2656
2992
19104
5016
2960
76280
2552
2472
15888
2136
2376
14488
2920
3104
19104
4056
3840
22008
6344
4784
28920
5728
5448
27552
5448
5488
22448
5336
2968
78672
2744
3040
13832
3264
2960
16248
3264
3680
18048
2376
2488
14728
2288
2896
15216
3872
4264
19240
5144
6448
24760
10168
6456
77864
6056
5504
25584
5056
4424
22968
3920
4088
20704
2216
2552
15768
2016
2936
15824
1992
2344
11904
1960
2208
10832
2800
1936
82200
1216
1824
11360
992
1560
12176
768
472
9968
432
360
9672
424
1032
10320
1320
1344
13616
1768
1336
14816
5000
2944
82832
3184
3144
17936
4888
4648
20656
5328
5432
24160
5184
4976
25696
5416
4904
24928
4000
3528
22576
2488
2768
14976
5112
3072
74760
4000
5240
24016
9320
6888
31608
11392
12912
30592
10768
9032
31304
11432
15024
42704
22128
21416
46192
18944
20584
47008
29432
20472
75568
14264
16944
41448
27776
34456
52080
42512
43312
58624
304
304
2016
296
296
304
296
296
304
296
296
304
296
296
1824
296
296
296
296
296
296
296
296
304
416
416
4408
3312
4000
10968
5208
6064
21432
6160
7184
14176
11456
8688
30920
9912
6552
19368
6168
7024
23064
9552
6488
21248
8176
8688
31832
6552
6584
33768
15480
7000
42984
4592
4360
37504
13992
7384
65864
4784
4336
41408
6256
8560
43096
8568
11544
41856
9760
8136
33544
5440
5880
25992
6864
5752
21720
5448
5416
21016
8392
5496
90984
3872
3896
20376
4256
2896
21280
2104
4624
26408
2080
2504
18360
2576
5416
14256
2032
2432
20368
11456
6568
32208
12424
10400
107992
6720
6784
21904
6608
7880
31296
7384
8584
35160
9408
9008
29752
5776
8600
35432
7680
7400
37376
5256
4656
32648
8912
6824
116808
4792
4632
26896
3168
3768
26976
3048
3600
25064
3496
3528
25960
3096
3416
25544
2960
3408
22800
4904
5096
25504
6640
3880
111864
3368
3056
21920
4016
4376
24024
3080
3400
22416
2696
3160
22696
2664
2728
20616
3008
2664
26240
2240
2608
22048
5576
2848
110568
2408
2584
20432
2672
2320
23600
3000
3440
29904
4952
4232
30352
3104
4056
29920
5560
6400
36184
5376
5248
33384
10944
6720
92184
5352
4936
23288
3464
3392
20024
3472
4928
19808
3384
3768
19696
3360
3312
23208
4248
4992
25864
4624
5984
22704
11416
5856
59920
2120
2208
9552
2248
2112
10488
1712
1208
6296
512
840
3064
320
384
2768
296
296
1672
296
296
2624
13912
20136
46328
5088
20376
40024
6768
8712
68816
15624
9928
39464
6880
5776
47984
7120
4704
32496
9328
4184
52384
2128
2880
36384
8864
4112
129952
2288
2600
28656
2304
2472
30224
2000
1656
30168
1960
1656
27896
1744
2624
34944
1720
2184
37136
1296
2128
32232
6960
2800
126216
1456
2336
28984
1472
2032
29616
1256
1568
30072
1072
1408
26584
1240
1248
26488
2240
1624
31632
18904
16512
48672
55816
36576
54104
4320
17040
43248
18656
8120
24016
15112
4280
25808
12248
2328
44328
1440
1560
20336
952
1328
13984
1104
1288
13744
2232
1600
93016
1048
1032
11776
1376
1184
14640
1400
1120
14168
976
1248
12160
1296
1248
13152
1008
1408
12560
1000
1184
12464
2088
1744
91608
1432
1120
10248
1112
1216
11608
1160
1352
12344
856
1048
12104
1232
1240
13728
1008
928
11264
1096
1288
11536
2128
1360
90008
18896
3352
36984
1224
1224
1592
296
296
304
296
296
304
296
296
304
296
296
304
296
296
304
296
296
1824
296
296
296
296
296
296
296
296
304
296
296
304
296
296
304
296
296
304
296
296
304
